              precision    recall  f1-score   support

           0     0.9858    0.9908    0.9883       980
           1     0.9938    0.9841    0.9889      1135
           2     0.9713    0.9855    0.9784      1032
           3     0.9783    0.9812    0.9797      1010
           4     0.9807    0.9837    0.9822       982
           5     0.9733    0.9809    0.9771       892
           6     0.9884    0.9791    0.9837       958
           7     0.9786    0.9796    0.9791      1028
           8     0.9811    0.9610    0.9710       974
           9     0.9704    0.9762    0.9733      1009

    accuracy                         0.9803     10000
   macro avg     0.9802    0.9802    0.9802     10000
weighted avg     0.9803    0.9803    0.9803     10000
