              precision    recall  f1-score   support

           0     0.9788    0.9908    0.9848       980
           1     0.9886    0.9947    0.9917      1135
           2     0.9716    0.9603    0.9659      1032
           3     0.9200    0.9911    0.9542      1010
           4     0.9506    0.9807    0.9654       982
           5     0.9617    0.9563    0.9590       892
           6     0.9892    0.9603    0.9746       958
           7     0.9916    0.9212    0.9551      1028
           8     0.9776    0.9425    0.9597       974
           9     0.9420    0.9653    0.9535      1009

    accuracy                         0.9667     10000
   macro avg     0.9672    0.9663    0.9664     10000
weighted avg     0.9674    0.9667    0.9667     10000
